  #| i-cache size|i-cache assoc|d-cache size|d-cache assoc|l2-cache size|l2-cache assoc|cache line size| avg. edap
  1|      32     |      2      |     32     |      2      |     256     |      16      |       64      |  0.25  
  2|      32     |      2      |     32     |      2      |     256     |      4       |       64      |  0.25  
  3|      32     |      2      |     32     |      2      |     256     |      8       |       64      |  0.25  
  4|      32     |      2      |     32     |      2      |     512     |      4       |       64      |  0.27  
  5|      32     |      2      |     32     |      2      |     512     |      16      |       64      |  0.27  
  6|      32     |      2      |     32     |      2      |     512     |      8       |       64      |  0.27  
  7|      32     |      2      |     32     |      2      |     1024    |      8       |       64      |  0.34  
  8|      32     |      2      |     32     |      2      |     1024    |      4       |       64      |  0.34  
  9|      32     |      2      |     32     |      2      |     1024    |      16      |       64      |  0.34  
 10|      32     |      2      |     32     |      2      |     256     |      16      |       32      |  0.37  
 11|      32     |      2      |     32     |      2      |     256     |      4       |       32      |  0.37  
 12|      32     |      2      |     32     |      2      |     256     |      8       |       32      |  0.37  
 13|      16     |      1      |     16     |      2      |     2048    |      8       |       64      |  0.41  
 14|      16     |      2      |     16     |      2      |     2048    |      8       |       64      |  0.41  
 15|      32     |      1      |     16     |      2      |     2048    |      8       |       64      |  0.42  
 16|      16     |      1      |     32     |      2      |     2048    |      8       |       64      |  0.42  
 17|      16     |      2      |     32     |      2      |     2048    |      8       |       64      |  0.42  
 18|      32     |      2      |     32     |      2      |     512     |      4       |       32      |  0.42  
 19|      32     |      2      |     16     |      2      |     2048    |      8       |       64      |  0.42  
 20|      32     |      2      |     32     |      2      |     512     |      16      |       32      |  0.42  
 21|      32     |      2      |     32     |      2      |     512     |      8       |       32      |  0.42  
 22|      32     |      1      |     32     |      2      |     2048    |      8       |       64      |  0.42  
 23|      32     |      2      |     32     |      2      |     2048    |      8       |       64      |  0.42  
 24|      32     |      2      |     32     |      2      |     2048    |      16      |       64      |  0.44  
 25|      32     |      2      |     32     |      2      |     2048    |      4       |       64      |  0.44  
 26|      16     |      4      |     16     |      2      |     2048    |      8       |       64      |  0.47  
 27|      16     |      4      |     32     |      2      |     2048    |      8       |       64      |  0.48  
 28|      32     |      4      |     16     |      2      |     2048    |      8       |       64      |  0.48  
 29|      32     |      2      |     32     |      2      |     1024    |      8       |       32      |  0.48  
 30|      32     |      4      |     32     |      2      |     2048    |      8       |       64      |  0.49  
 31|      32     |      2      |     32     |      2      |     1024    |      4       |       32      |  0.52  
 32|      32     |      2      |     32     |      2      |     1024    |      16      |       32      |  0.52  
 33|      16     |      1      |     16     |      4      |     2048    |      8       |       64      |  0.52  
 34|      16     |      2      |     16     |      4      |     2048    |      8       |       64      |  0.52  
 35|      32     |      1      |     16     |      4      |     2048    |      8       |       64      |  0.53  
 36|      64     |      4      |     16     |      2      |     2048    |      8       |       64      |  0.53  
 37|      32     |      2      |     16     |      4      |     2048    |      8       |       64      |  0.53  
 38|      64     |      4      |     32     |      2      |     2048    |      8       |       64      |  0.53  
 39|      16     |      1      |     32     |      4      |     2048    |      8       |       64      |  0.54  
 40|      16     |      2      |     32     |      4      |     2048    |      8       |       64      |  0.54  
 41|      32     |      1      |     32     |      4      |     2048    |      8       |       64      |  0.55  
 42|      32     |      2      |     32     |      4      |     2048    |      8       |       64      |  0.55  
 43|      16     |      4      |     16     |      4      |     2048    |      8       |       64      |  0.59  
 44|      32     |      2      |     32     |      2      |     4096    |      16      |       64      |  0.60  
 45|      32     |      2      |     32     |      2      |     4096    |      4       |       64      |  0.60  
 46|      32     |      4      |     16     |      4      |     2048    |      8       |       64      |  0.60  
 47|      32     |      2      |     32     |      2      |     4096    |      8       |       64      |  0.61  
 48|      16     |      4      |     32     |      4      |     2048    |      8       |       64      |  0.61  
 49|      16     |      1      |     16     |      8      |     2048    |      8       |       64      |  0.62  
 50|      32     |      4      |     32     |      4      |     2048    |      8       |       64      |  0.62  
 51|      16     |      2      |     16     |      8      |     2048    |      8       |       64      |  0.62  
 52|      32     |      1      |     16     |      8      |     2048    |      8       |       64      |  0.63  
 53|      16     |      1      |     64     |      4      |     2048    |      8       |       64      |  0.63  
 54|      16     |      2      |     64     |      4      |     2048    |      8       |       64      |  0.63  
 55|      32     |      2      |     16     |      8      |     2048    |      8       |       64      |  0.63  
 56|      32     |      1      |     64     |      4      |     2048    |      8       |       64      |  0.63  
 57|      32     |      2      |     64     |      4      |     2048    |      8       |       64      |  0.64  
 58|      16     |      1      |     16     |      2      |     2048    |      8       |       32      |  0.64  
 59|      16     |      2      |     16     |      2      |     2048    |      8       |       32      |  0.64  
 60|      16     |      4      |     16     |      2      |     2048    |      8       |       32      |  0.64  
 61|      16     |      1      |     16     |      4      |     2048    |      8       |       32      |  0.64  
 62|      16     |      2      |     16     |      4      |     2048    |      8       |       32      |  0.64  
 63|      16     |      4      |     16     |      4      |     2048    |      8       |       32      |  0.64  
 64|      16     |      1      |     32     |      2      |     2048    |      8       |       32      |  0.65  
 65|      32     |      1      |     16     |      2      |     2048    |      8       |       32      |  0.65  
 66|      32     |      2      |     16     |      2      |     2048    |      8       |       32      |  0.65  
 67|      16     |      2      |     32     |      2      |     2048    |      8       |       32      |  0.65  
 68|      32     |      4      |     16     |      2      |     2048    |      8       |       32      |  0.65  
 69|      16     |      4      |     32     |      2      |     2048    |      8       |       32      |  0.65  
 70|      32     |      1      |     16     |      4      |     2048    |      8       |       32      |  0.65  
 71|      32     |      2      |     16     |      4      |     2048    |      8       |       32      |  0.65  
 72|      16     |      1      |     32     |      4      |     2048    |      8       |       32      |  0.65  
 73|      32     |      4      |     16     |      4      |     2048    |      8       |       32      |  0.65  
 74|      16     |      2      |     32     |      4      |     2048    |      8       |       32      |  0.65  
 75|      16     |      4      |     32     |      4      |     2048    |      8       |       32      |  0.65  
 76|      32     |      2      |     32     |      2      |     2048    |      16      |       32      |  0.65  
 77|      16     |      1      |     32     |      8      |     2048    |      8       |       64      |  0.65  
 78|      64     |      4      |     16     |      4      |     2048    |      8       |       64      |  0.66  
 79|      16     |      2      |     32     |      8      |     2048    |      8       |       64      |  0.66  
 80|      32     |      2      |     32     |      2      |     2048    |      4       |       32      |  0.66  
 81|      32     |      1      |     32     |      2      |     2048    |      8       |       32      |  0.66  
 82|      32     |      2      |     32     |      2      |     2048    |      8       |       32      |  0.66  
 83|      32     |      1      |     32     |      8      |     2048    |      8       |       64      |  0.66  
 84|      32     |      4      |     32     |      2      |     2048    |      8       |       32      |  0.66  
 85|      32     |      1      |     32     |      4      |     2048    |      8       |       32      |  0.66  
 86|      32     |      2      |     32     |      4      |     2048    |      8       |       32      |  0.66  
 87|      32     |      2      |     32     |      8      |     2048    |      8       |       64      |  0.66  
 88|      32     |      4      |     32     |      4      |     2048    |      8       |       32      |  0.66  
 89|      64     |      4      |     32     |      4      |     2048    |      8       |       64      |  0.68  
 90|      16     |      1      |     64     |      8      |     2048    |      8       |       64      |  0.69  
 91|      16     |      2      |     64     |      8      |     2048    |      8       |       64      |  0.69  
 92|      16     |      4      |     16     |      8      |     2048    |      8       |       64      |  0.70  
 93|      32     |      1      |     64     |      8      |     2048    |      8       |       64      |  0.70  
 94|      32     |      2      |     64     |      8      |     2048    |      8       |       64      |  0.70  
 95|      16     |      4      |     64     |      4      |     2048    |      8       |       64      |  0.70  
 96|      32     |      4      |     16     |      8      |     2048    |      8       |       64      |  0.71  
 97|      32     |      4      |     64     |      4      |     2048    |      8       |       64      |  0.71  
 98|      64     |      1      |     16     |      2      |     2048    |      8       |       64      |  0.72  
 99|      64     |      1      |     32     |      2      |     2048    |      8       |       64      |  0.73  
100|      64     |      2      |     16     |      2      |     2048    |      8       |       64      |  0.73  
101|      16     |      4      |     32     |      8      |     2048    |      8       |       64      |  0.73  
102|      64     |      2      |     32     |      2      |     2048    |      8       |       64      |  0.73  
103|      32     |      4      |     32     |      8      |     2048    |      8       |       64      |  0.74  
104|      16     |      1      |     16     |      8      |     2048    |      8       |       32      |  0.75  
105|      16     |      2      |     16     |      8      |     2048    |      8       |       32      |  0.75  
106|      16     |      4      |     16     |      8      |     2048    |      8       |       32      |  0.75  
107|      32     |      1      |     16     |      8      |     2048    |      8       |       32      |  0.75  
108|      32     |      2      |     16     |      8      |     2048    |      8       |       32      |  0.76  
109|      32     |      4      |     16     |      8      |     2048    |      8       |       32      |  0.76  
110|      64     |      4      |     16     |      8      |     2048    |      8       |       64      |  0.76  
111|      16     |      4      |     64     |      8      |     2048    |      8       |       64      |  0.77  
112|      64     |      4      |     64     |      4      |     2048    |      8       |       64      |  0.77  
113|      16     |      1      |     32     |      8      |     2048    |      8       |       32      |  0.78  
114|      16     |      2      |     32     |      8      |     2048    |      8       |       32      |  0.78  
115|      16     |      4      |     32     |      8      |     2048    |      8       |       32      |  0.78  
116|      32     |      4      |     64     |      8      |     2048    |      8       |       64      |  0.78  
117|      32     |      1      |     32     |      8      |     2048    |      8       |       32      |  0.79  
118|      32     |      2      |     32     |      8      |     2048    |      8       |       32      |  0.79  
119|      32     |      4      |     32     |      8      |     2048    |      8       |       32      |  0.79  
120|      64     |      4      |     32     |      8      |     2048    |      8       |       64      |  0.80  
121|      16     |      1      |     64     |      2      |     2048    |      8       |       64      |  0.84  
122|      16     |      2      |     64     |      2      |     2048    |      8       |       64      |  0.84  
123|      64     |      4      |     64     |      8      |     2048    |      8       |       64      |  0.84  
124|      32     |      1      |     64     |      2      |     2048    |      8       |       64      |  0.84  
125|      32     |      2      |     64     |      2      |     2048    |      8       |       64      |  0.85  
126|      16     |      1      |    128     |      8      |     2048    |      8       |       64      |  0.86  
127|      16     |      2      |    128     |      8      |     2048    |      8       |       64      |  0.86  
128|      64     |      1      |     16     |      4      |     2048    |      8       |       64      |  0.86  
129|      32     |      1      |    128     |      8      |     2048    |      8       |       64      |  0.86  
130|      64     |      2      |     16     |      4      |     2048    |      8       |       64      |  0.87  
131|      32     |      2      |    128     |      8      |     2048    |      8       |       64      |  0.87  
132|      64     |      1      |     32     |      4      |     2048    |      8       |       64      |  0.88  
133|      64     |      1      |     16     |      2      |     2048    |      8       |       32      |  0.89  
134|      64     |      2      |     32     |      4      |     2048    |      8       |       64      |  0.89  
135|      64     |      1      |     16     |      4      |     2048    |      8       |       32      |  0.89  
136|      64     |      2      |     16     |      2      |     2048    |      8       |       32      |  0.89  
137|      64     |      2      |     16     |      4      |     2048    |      8       |       32      |  0.89  
138|      64     |      1      |     32     |      2      |     2048    |      8       |       32      |  0.90  
139|      64     |      4      |     16     |      2      |     2048    |      8       |       32      |  0.90  
140|      64     |      1      |     32     |      4      |     2048    |      8       |       32      |  0.90  
141|      64     |      2      |     32     |      2      |     2048    |      8       |       32      |  0.90  
142|      64     |      4      |     16     |      4      |     2048    |      8       |       32      |  0.90  
143|     128     |      4      |     16     |      2      |     2048    |      8       |       64      |  0.90  
144|      64     |      2      |     32     |      4      |     2048    |      8       |       32      |  0.90  
145|     128     |      4      |     32     |      2      |     2048    |      8       |       64      |  0.91  
146|      64     |      4      |     32     |      2      |     2048    |      8       |       32      |  0.91  
147|      64     |      4      |     32     |      4      |     2048    |      8       |       32      |  0.91  
148|      16     |      4      |     64     |      2      |     2048    |      8       |       64      |  0.92  
149|      32     |      2      |     32     |      2      |     4096    |      4       |       32      |  0.93  
150|      32     |      4      |     64     |      2      |     2048    |      8       |       64      |  0.94  
151|      16     |      4      |    128     |      8      |     2048    |      8       |       64      |  0.95  
152|      16     |      1      |     64     |      2      |     2048    |      8       |       32      |  0.95  
153|      16     |      2      |     64     |      2      |     2048    |      8       |       32      |  0.95  
154|      16     |      4      |     64     |      2      |     2048    |      8       |       32      |  0.95  
155|      16     |      1      |     64     |      4      |     2048    |      8       |       32      |  0.95  
156|      16     |      2      |     64     |      4      |     2048    |      8       |       32      |  0.95  
157|      16     |      4      |     64     |      4      |     2048    |      8       |       32      |  0.96  
158|      32     |      1      |     64     |      2      |     2048    |      8       |       32      |  0.96  
159|      32     |      2      |     64     |      2      |     2048    |      8       |       32      |  0.96  
160|      32     |      4      |    128     |      8      |     2048    |      8       |       64      |  0.96  
161|      32     |      4      |     64     |      2      |     2048    |      8       |       32      |  0.96  
162|      32     |      1      |     64     |      4      |     2048    |      8       |       32      |  0.96  
163|      32     |      2      |     64     |      4      |     2048    |      8       |       32      |  0.97  
164|      32     |      4      |     64     |      4      |     2048    |      8       |       32      |  0.97  
165|      64     |      1      |     16     |      8      |     2048    |      8       |       64      |  0.98  
166|      64     |      2      |     16     |      8      |     2048    |      8       |       64      |  0.99  
167|      64     |      1      |     64     |      4      |     2048    |      8       |       64      |  0.99  
168|      64     |      2      |     64     |      4      |     2048    |      8       |       64      |  1.00  
169|      64     |      4      |     64     |      2      |     2048    |      8       |       64      |  1.00  
170|      64     |      1      |     16     |      8      |     2048    |      8       |       32      |  1.01  
171|      64     |      2      |     16     |      8      |     2048    |      8       |       32      |  1.01  
172|     128     |      1      |     16     |      2      |     2048    |      8       |       64      |  1.02  
173|      64     |      4      |     16     |      8      |     2048    |      8       |       32      |  1.02  
174|     128     |      1      |     32     |      2      |     2048    |      8       |       64      |  1.02  
175|      64     |      1      |     32     |      8      |     2048    |      8       |       64      |  1.02  
176|      64     |      4      |    128     |      8      |     2048    |      8       |       64      |  1.02  
177|      64     |      2      |     32     |      8      |     2048    |      8       |       64      |  1.03  
178|     128     |      2      |     16     |      2      |     2048    |      8       |       64      |  1.03  
179|     128     |      2      |     32     |      2      |     2048    |      8       |       64      |  1.03  
180|      64     |      1      |     32     |      8      |     2048    |      8       |       32      |  1.04  
181|      32     |      2      |     32     |      2      |     4096    |      8       |       32      |  1.05  
182|      64     |      2      |     32     |      8      |     2048    |      8       |       32      |  1.05  
183|      32     |      2      |     32     |      2      |     4096    |      16      |       32      |  1.05  
184|      64     |      4      |     32     |      8      |     2048    |      8       |       32      |  1.06  
185|     128     |      4      |     16     |      4      |     2048    |      8       |       64      |  1.06  
186|      64     |      1      |     64     |      8      |     2048    |      8       |       64      |  1.06  
187|      64     |      2      |     64     |      8      |     2048    |      8       |       64      |  1.07  
188|     128     |      4      |     32     |      4      |     2048    |      8       |       64      |  1.09  
189|     128     |      1      |     16     |      2      |     2048    |      8       |       32      |  1.09  
190|     128     |      1      |     16     |      4      |     2048    |      8       |       32      |  1.09  
191|     128     |      2      |     16     |      2      |     2048    |      8       |       32      |  1.10  
192|     128     |      2      |     16     |      4      |     2048    |      8       |       32      |  1.10  
193|     128     |      1      |     32     |      2      |     2048    |      8       |       32      |  1.10  
194|      32     |      2      |     32     |      2      |     256     |      4       |      128      |  1.10  
195|      32     |      2      |     32     |      2      |     256     |      8       |      128      |  1.10  
196|     128     |      1      |     32     |      4      |     2048    |      8       |       32      |  1.10  
197|     128     |      4      |     16     |      2      |     2048    |      8       |       32      |  1.11  
198|     128     |      4      |     16     |      4      |     2048    |      8       |       32      |  1.11  
199|      16     |      1      |     64     |      8      |     2048    |      8       |       32      |  1.11  
200|     128     |      2      |     32     |      2      |     2048    |      8       |       32      |  1.11  
201|      16     |      2      |     64     |      8      |     2048    |      8       |       32      |  1.11  
202|      16     |      4      |     64     |      8      |     2048    |      8       |       32      |  1.11  
203|     128     |      2      |     32     |      4      |     2048    |      8       |       32      |  1.11  
204|     128     |      4      |     32     |      2      |     2048    |      8       |       32      |  1.12  
205|     128     |      4      |     32     |      4      |     2048    |      8       |       32      |  1.12  
206|      32     |      1      |     64     |      8      |     2048    |      8       |       32      |  1.12  
207|      32     |      2      |     32     |      2      |     256     |      16      |      128      |  1.12  
208|      32     |      2      |     64     |      8      |     2048    |      8       |       32      |  1.12  
209|      32     |      4      |     64     |      8      |     2048    |      8       |       32      |  1.12  
210|      16     |      1      |    128     |      4      |     2048    |      8       |       64      |  1.13  
211|      16     |      2      |    128     |      4      |     2048    |      8       |       64      |  1.13  
212|      32     |      2      |     32     |      2      |     2048    |      16      |      128      |  1.13  
213|      32     |      1      |    128     |      4      |     2048    |      8       |       64      |  1.13  
214|      32     |      2      |    128     |      4      |     2048    |      8       |       64      |  1.14  
215|     128     |      1      |     16     |      4      |     2048    |      8       |       64      |  1.18  
216|     128     |      2      |     16     |      4      |     2048    |      8       |       64      |  1.19  
217|      16     |      1      |    128     |      2      |     2048    |      8       |       32      |  1.19  
218|      16     |      2      |    128     |      2      |     2048    |      8       |       32      |  1.19  
219|      16     |      4      |    128     |      2      |     2048    |      8       |       32      |  1.19  
220|      16     |      1      |    128     |      4      |     2048    |      8       |       32      |  1.20  
221|      16     |      2      |    128     |      4      |     2048    |      8       |       32      |  1.20  
222|      16     |      4      |    128     |      4      |     2048    |      8       |       32      |  1.20  
223|     128     |      4      |     16     |      8      |     2048    |      8       |       64      |  1.20  
224|      32     |      1      |    128     |      2      |     2048    |      8       |       32      |  1.20  
225|     128     |      1      |     32     |      4      |     2048    |      8       |       64      |  1.20  
226|      32     |      2      |    128     |      2      |     2048    |      8       |       32      |  1.20  
227|      32     |      4      |    128     |      2      |     2048    |      8       |       32      |  1.20  
228|      32     |      1      |    128     |      4      |     2048    |      8       |       32      |  1.21  
229|      32     |      2      |    128     |      4      |     2048    |      8       |       32      |  1.21  
230|     128     |      4      |     64     |      4      |     2048    |      8       |       64      |  1.21  
231|      32     |      4      |    128     |      4      |     2048    |      8       |       32      |  1.21  
232|     128     |      2      |     32     |      4      |     2048    |      8       |       64      |  1.22  
233|     128     |      1      |     16     |      8      |     2048    |      8       |       32      |  1.22  
234|      16     |      4      |    128     |      4      |     2048    |      8       |       64      |  1.22  
235|      16     |      1      |    128     |      2      |     2048    |      8       |       64      |  1.23  
236|      16     |      2      |    128     |      2      |     2048    |      8       |       64      |  1.23  
237|     128     |      2      |     16     |      8      |     2048    |      8       |       32      |  1.23  
238|      32     |      1      |    128     |      2      |     2048    |      8       |       64      |  1.23  
239|      64     |      1      |     64     |      2      |     2048    |      8       |       32      |  1.23  
240|      64     |      2      |     64     |      2      |     2048    |      8       |       32      |  1.24  
241|     128     |      4      |     16     |      8      |     2048    |      8       |       32      |  1.24  
242|      32     |      2      |    128     |      2      |     2048    |      8       |       64      |  1.24  
243|      32     |      4      |    128     |      4      |     2048    |      8       |       64      |  1.24  
244|      64     |      1      |     64     |      2      |     2048    |      8       |       64      |  1.24  
245|      64     |      1      |     64     |      4      |     2048    |      8       |       32      |  1.24  
246|      64     |      2      |     64     |      4      |     2048    |      8       |       32      |  1.25  
247|      64     |      4      |     64     |      2      |     2048    |      8       |       32      |  1.25  
248|      64     |      2      |     64     |      2      |     2048    |      8       |       64      |  1.25  
249|     128     |      4      |     32     |      8      |     2048    |      8       |       64      |  1.25  
250|      64     |      4      |     64     |      4      |     2048    |      8       |       32      |  1.26  
251|     128     |      1      |     32     |      8      |     2048    |      8       |       32      |  1.26  
252|      64     |      1      |    128     |      8      |     2048    |      8       |       64      |  1.27  
253|     128     |      2      |     32     |      8      |     2048    |      8       |       32      |  1.27  
254|      64     |      2      |    128     |      8      |     2048    |      8       |       64      |  1.27  
255|     128     |      4      |     32     |      8      |     2048    |      8       |       32      |  1.28  
256|     128     |      4      |     64     |      8      |     2048    |      8       |       64      |  1.30  
257|      64     |      4      |    128     |      4      |     2048    |      8       |       64      |  1.31  
258|     128     |      1      |     16     |      8      |     2048    |      8       |       64      |  1.32  
259|     128     |      1      |     64     |      4      |     2048    |      8       |       64      |  1.32  
260|      16     |      4      |    128     |      2      |     2048    |      8       |       64      |  1.33  
261|     128     |      2      |     16     |      8      |     2048    |      8       |       64      |  1.33  
262|     128     |      2      |     64     |      4      |     2048    |      8       |       64      |  1.34  
263|      32     |      4      |    128     |      2      |     2048    |      8       |       64      |  1.34  
264|     128     |      1      |     32     |      8      |     2048    |      8       |       64      |  1.36  
265|     128     |      2      |     32     |      8      |     2048    |      8       |       64      |  1.38  
266|     128     |      1      |     64     |      8      |     2048    |      8       |       64      |  1.41  
267|      16     |      1      |    128     |      8      |     2048    |      8       |       32      |  1.42  
268|      16     |      2      |    128     |      8      |     2048    |      8       |       32      |  1.42  
269|      64     |      4      |    128     |      2      |     2048    |      8       |       64      |  1.42  
270|      16     |      4      |    128     |      8      |     2048    |      8       |       32      |  1.42  
271|      64     |      1      |     64     |      8      |     2048    |      8       |       32      |  1.42  
272|     128     |      2      |     64     |      8      |     2048    |      8       |       64      |  1.42  
273|      64     |      2      |     64     |      8      |     2048    |      8       |       32      |  1.43  
274|      32     |      1      |    128     |      8      |     2048    |      8       |       32      |  1.43  
275|      32     |      2      |    128     |      8      |     2048    |      8       |       32      |  1.43  
276|      32     |      4      |    128     |      8      |     2048    |      8       |       32      |  1.43  
277|      64     |      4      |     64     |      8      |     2048    |      8       |       32      |  1.44  
278|     128     |      1      |     64     |      2      |     2048    |      8       |       32      |  1.47  
279|     128     |      2      |     64     |      2      |     2048    |      8       |       32      |  1.48  
280|     128     |      1      |     64     |      4      |     2048    |      8       |       32      |  1.48  
281|     128     |      4      |     64     |      2      |     2048    |      8       |       32      |  1.49  
282|     128     |      2      |     64     |      4      |     2048    |      8       |       32      |  1.49  
283|     128     |      4      |     64     |      4      |     2048    |      8       |       32      |  1.50  
284|     128     |      4      |     64     |      2      |     2048    |      8       |       64      |  1.50  
285|      32     |      2      |     32     |      2      |     512     |      4       |      128      |  1.51  
286|      64     |      1      |    128     |      2      |     2048    |      8       |       32      |  1.51  
287|      32     |      2      |     32     |      2      |     512     |      8       |      128      |  1.51  
288|      32     |      2      |     32     |      2      |     512     |      16      |      128      |  1.51  
289|      64     |      2      |    128     |      2      |     2048    |      8       |       32      |  1.51  
290|      64     |      1      |    128     |      4      |     2048    |      8       |       32      |  1.52  
291|      32     |      2      |     32     |      2      |     4096    |      8       |      128      |  1.52  
292|      64     |      2      |    128     |      4      |     2048    |      8       |       32      |  1.52  
293|      64     |      4      |    128     |      2      |     2048    |      8       |       32      |  1.52  
294|     128     |      4      |    128     |      8      |     2048    |      8       |       64      |  1.52  
295|      64     |      4      |    128     |      4      |     2048    |      8       |       32      |  1.53  
296|      32     |      2      |     32     |      2      |     4096    |      16      |      128      |  1.57  
297|      32     |      2      |     32     |      2      |     4096    |      4       |      128      |  1.59  
298|      64     |      1      |    128     |      4      |     2048    |      8       |       64      |  1.59  
299|      64     |      2      |    128     |      4      |     2048    |      8       |       64      |  1.60  
300|     128     |      1      |     64     |      2      |     2048    |      8       |       64      |  1.61  
301|     128     |      2      |     64     |      2      |     2048    |      8       |       64      |  1.63  
302|      32     |      2      |     32     |      2      |     1024    |      4       |      128      |  1.64  
303|      32     |      2      |     32     |      2      |     1024    |      8       |      128      |  1.64  
304|     128     |      1      |    128     |      8      |     2048    |      8       |       64      |  1.64  
305|      32     |      2      |     32     |      2      |     1024    |      16      |      128      |  1.64  
306|     128     |      2      |    128     |      8      |     2048    |      8       |       64      |  1.66  
307|     128     |      1      |     64     |      8      |     2048    |      8       |       32      |  1.68  
308|     128     |      2      |     64     |      8      |     2048    |      8       |       32      |  1.69  
309|     128     |      4      |     64     |      8      |     2048    |      8       |       32      |  1.70  
310|      64     |      1      |    128     |      2      |     2048    |      8       |       64      |  1.70  
311|      64     |      2      |    128     |      2      |     2048    |      8       |       64      |  1.71  
312|      64     |      1      |    128     |      8      |     2048    |      8       |       32      |  1.76  
313|      64     |      2      |    128     |      8      |     2048    |      8       |       32      |  1.77  
314|     128     |      1      |    128     |      2      |     2048    |      8       |       32      |  1.77  
315|      64     |      4      |    128     |      8      |     2048    |      8       |       32      |  1.78  
316|     128     |      1      |    128     |      4      |     2048    |      8       |       32      |  1.78  
317|     128     |      2      |    128     |      2      |     2048    |      8       |       32      |  1.78  
318|     128     |      4      |    128     |      2      |     2048    |      8       |       32      |  1.79  
319|     128     |      2      |    128     |      4      |     2048    |      8       |       32      |  1.79  
320|     128     |      4      |    128     |      4      |     2048    |      8       |       32      |  1.80  
321|     128     |      4      |    128     |      4      |     2048    |      8       |       64      |  1.87  
322|     128     |      4      |    128     |      2      |     2048    |      8       |       64      |  2.01  
323|     128     |      1      |    128     |      4      |     2048    |      8       |       64      |  2.01  
324|     128     |      2      |    128     |      4      |     2048    |      8       |       64      |  2.03  
325|     128     |      1      |    128     |      8      |     2048    |      8       |       32      |  2.04  
326|     128     |      2      |    128     |      8      |     2048    |      8       |       32      |  2.05  
327|     128     |      4      |    128     |      8      |     2048    |      8       |       32      |  2.06  
328|     128     |      1      |    128     |      2      |     2048    |      8       |       64      |  2.13  
329|     128     |      2      |    128     |      2      |     2048    |      8       |       64      |  2.15  
330|      16     |      1      |     32     |      2      |     2048    |      8       |      128      |  2.42  
331|      16     |      1      |     16     |      2      |     2048    |      8       |      128      |  2.42  
332|      32     |      1      |     32     |      2      |     2048    |      8       |      128      |  2.43  
333|      32     |      1      |     16     |      2      |     2048    |      8       |      128      |  2.43  
334|      16     |      2      |     32     |      2      |     2048    |      8       |      128      |  2.72  
335|      16     |      2      |     16     |      2      |     2048    |      8       |      128      |  2.72  
336|      32     |      2      |     32     |      2      |     2048    |      8       |      128      |  2.73  
337|      32     |      2      |     16     |      2      |     2048    |      8       |      128      |  2.74  
338|      32     |      2      |     32     |      2      |     2048    |      4       |      128      |  2.74  
339|      32     |      4      |     32     |      2      |     2048    |      8       |      128      |  2.97  
340|      16     |      4      |     32     |      2      |     2048    |      8       |      128      |  2.97  
341|      64     |      1      |     32     |      2      |     2048    |      8       |      128      |  2.97  
342|      32     |      4      |     16     |      2      |     2048    |      8       |      128      |  2.98  
343|      16     |      4      |     16     |      2      |     2048    |      8       |      128      |  2.98  
344|      64     |      1      |     16     |      2      |     2048    |      8       |      128      |  2.98  
345|      64     |      4      |     32     |      2      |     2048    |      8       |      128      |  2.99  
346|      16     |      1      |     64     |      2      |     2048    |      8       |      128      |  2.99  
347|      64     |      2      |     32     |      2      |     2048    |      8       |      128      |  3.00  
348|      64     |      4      |     16     |      2      |     2048    |      8       |      128      |  3.00  
349|      16     |      1      |     32     |      4      |     2048    |      8       |      128      |  3.00  
350|      64     |      2      |     16     |      2      |     2048    |      8       |      128      |  3.00  
351|      32     |      1      |     64     |      2      |     2048    |      8       |      128      |  3.00  
352|      32     |      1      |     32     |      4      |     2048    |      8       |      128      |  3.01  
353|      16     |      1      |     64     |      4      |     2048    |      8       |      128      |  3.01  
354|      32     |      1      |     64     |      4      |     2048    |      8       |      128      |  3.02  
355|      16     |      1      |     16     |      4      |     2048    |      8       |      128      |  3.04  
356|      32     |      1      |     16     |      4      |     2048    |      8       |      128      |  3.05  
357|      16     |      2      |     64     |      2      |     2048    |      8       |      128      |  3.31  
358|      16     |      2      |     32     |      4      |     2048    |      8       |      128      |  3.32  
359|      32     |      2      |     64     |      2      |     2048    |      8       |      128      |  3.32  
360|      32     |      2      |     32     |      4      |     2048    |      8       |      128      |  3.33  
361|      16     |      2      |     64     |      4      |     2048    |      8       |      128      |  3.33  
362|      32     |      2      |     64     |      4      |     2048    |      8       |      128      |  3.34  
363|      16     |      2      |     16     |      4      |     2048    |      8       |      128      |  3.36  
364|      32     |      2      |     16     |      4      |     2048    |      8       |      128      |  3.38  
365|     128     |      4      |     32     |      2      |     2048    |      8       |      128      |  3.38  
366|     128     |      4      |     16     |      2      |     2048    |      8       |      128      |  3.38  
367|     128     |      2      |     32     |      2      |     2048    |      8       |      128      |  3.40  
368|     128     |      2      |     16     |      2      |     2048    |      8       |      128      |  3.41  
369|     128     |      1      |     32     |      2      |     2048    |      8       |      128      |  3.46  
370|     128     |      1      |     16     |      2      |     2048    |      8       |      128      |  3.46  
371|      16     |      4      |     64     |      2      |     2048    |      8       |      128      |  3.58  
372|      32     |      4      |     64     |      2      |     2048    |      8       |      128      |  3.58  
373|      64     |      1      |     64     |      2      |     2048    |      8       |      128      |  3.58  
374|      16     |      4      |     32     |      4      |     2048    |      8       |      128      |  3.59  
375|      32     |      4      |     32     |      4      |     2048    |      8       |      128      |  3.59  
376|      64     |      1      |     32     |      4      |     2048    |      8       |      128      |  3.59  
377|      64     |      4      |     64     |      2      |     2048    |      8       |      128      |  3.60  
378|      16     |      4      |     64     |      4      |     2048    |      8       |      128      |  3.60  
379|      32     |      4      |     64     |      4      |     2048    |      8       |      128      |  3.60  
380|      64     |      1      |     64     |      4      |     2048    |      8       |      128      |  3.60  
381|      64     |      2      |     64     |      2      |     2048    |      8       |      128      |  3.61  
382|      64     |      4      |     32     |      4      |     2048    |      8       |      128      |  3.61  
383|      64     |      2      |     32     |      4      |     2048    |      8       |      128      |  3.61  
384|      64     |      4      |     64     |      4      |     2048    |      8       |      128      |  3.62  
385|      64     |      2      |     64     |      4      |     2048    |      8       |      128      |  3.62  
386|      32     |      4      |     16     |      4      |     2048    |      8       |      128      |  3.64  
387|      16     |      4      |     16     |      4      |     2048    |      8       |      128      |  3.64  
388|      64     |      1      |     16     |      4      |     2048    |      8       |      128      |  3.64  
389|      64     |      4      |     16     |      4      |     2048    |      8       |      128      |  3.66  
390|      64     |      2      |     16     |      4      |     2048    |      8       |      128      |  3.66  
391|      16     |      1      |    128     |      4      |     2048    |      8       |      128      |  3.99  
392|      32     |      1      |    128     |      4      |     2048    |      8       |      128      |  4.00  
393|      16     |      1      |    128     |      2      |     2048    |      8       |      128      |  4.02  
394|     128     |      4      |     64     |      2      |     2048    |      8       |      128      |  4.02  
395|      32     |      1      |    128     |      2      |     2048    |      8       |      128      |  4.02  
396|     128     |      4      |     32     |      4      |     2048    |      8       |      128      |  4.02  
397|     128     |      4      |     64     |      4      |     2048    |      8       |      128      |  4.04  
398|     128     |      2      |     64     |      2      |     2048    |      8       |      128      |  4.04  
399|     128     |      2      |     32     |      4      |     2048    |      8       |      128      |  4.05  
400|     128     |      2      |     64     |      4      |     2048    |      8       |      128      |  4.06  
401|     128     |      4      |     16     |      4      |     2048    |      8       |      128      |  4.08  
402|     128     |      2      |     16     |      4      |     2048    |      8       |      128      |  4.10  
403|     128     |      1      |     64     |      2      |     2048    |      8       |      128      |  4.10  
404|     128     |      1      |     32     |      4      |     2048    |      8       |      128      |  4.11  
405|     128     |      1      |     64     |      4      |     2048    |      8       |      128      |  4.12  
406|     128     |      1      |     16     |      4      |     2048    |      8       |      128      |  4.16  
407|      16     |      1      |     64     |      8      |     2048    |      8       |      128      |  4.17  
408|      32     |      1      |     64     |      8      |     2048    |      8       |      128      |  4.18  
409|      16     |      1      |    128     |      8      |     2048    |      8       |      128      |  4.19  
410|      32     |      1      |    128     |      8      |     2048    |      8       |      128      |  4.20  
411|      16     |      1      |     16     |      8      |     2048    |      8       |      128      |  4.25  
412|      32     |      1      |     16     |      8      |     2048    |      8       |      128      |  4.25  
413|      16     |      1      |     32     |      8      |     2048    |      8       |      128      |  4.26  
414|      32     |      1      |     32     |      8      |     2048    |      8       |      128      |  4.27  
415|      16     |      2      |    128     |      4      |     2048    |      8       |      128      |  4.34  
416|      32     |      2      |    128     |      4      |     2048    |      8       |      128      |  4.35  
417|      16     |      2      |    128     |      2      |     2048    |      8       |      128      |  4.36  
418|      32     |      2      |    128     |      2      |     2048    |      8       |      128      |  4.38  
419|      16     |      2      |     64     |      8      |     2048    |      8       |      128      |  4.53  
420|      32     |      2      |     64     |      8      |     2048    |      8       |      128      |  4.54  
421|      16     |      2      |    128     |      8      |     2048    |      8       |      128      |  4.54  
422|      32     |      2      |    128     |      8      |     2048    |      8       |      128      |  4.56  
423|      16     |      2      |     16     |      8      |     2048    |      8       |      128      |  4.60  
424|      16     |      2      |     32     |      8      |     2048    |      8       |      128      |  4.62  
425|      32     |      2      |     16     |      8      |     2048    |      8       |      128      |  4.62  
426|      32     |      2      |     32     |      8      |     2048    |      8       |      128      |  4.63  
427|      32     |      4      |    128     |      4      |     2048    |      8       |      128      |  4.64  
428|      16     |      4      |    128     |      4      |     2048    |      8       |      128      |  4.64  
429|      64     |      1      |    128     |      4      |     2048    |      8       |      128      |  4.64  
430|      64     |      4      |    128     |      4      |     2048    |      8       |      128      |  4.66  
431|      64     |      2      |    128     |      4      |     2048    |      8       |      128      |  4.66  
432|      32     |      4      |    128     |      2      |     2048    |      8       |      128      |  4.67  
433|      64     |      1      |    128     |      2      |     2048    |      8       |      128      |  4.67  
434|      16     |      4      |    128     |      2      |     2048    |      8       |      128      |  4.67  
435|      64     |      4      |    128     |      2      |     2048    |      8       |      128      |  4.69  
436|      64     |      2      |    128     |      2      |     2048    |      8       |      128      |  4.69  
437|      16     |      4      |     64     |      8      |     2048    |      8       |      128      |  4.84  
438|      64     |      1      |     64     |      8      |     2048    |      8       |      128      |  4.84  
439|      32     |      4      |     64     |      8      |     2048    |      8       |      128      |  4.84  
440|      32     |      4      |    128     |      8      |     2048    |      8       |      128      |  4.85  
441|      16     |      4      |    128     |      8      |     2048    |      8       |      128      |  4.86  
442|      64     |      1      |    128     |      8      |     2048    |      8       |      128      |  4.86  
443|      64     |      4      |     64     |      8      |     2048    |      8       |      128      |  4.86  
444|      64     |      2      |     64     |      8      |     2048    |      8       |      128      |  4.86  
445|      64     |      4      |    128     |      8      |     2048    |      8       |      128      |  4.87  
446|      64     |      2      |    128     |      8      |     2048    |      8       |      128      |  4.88  
447|      32     |      4      |     16     |      8      |     2048    |      8       |      128      |  4.91  
448|      16     |      4      |     16     |      8      |     2048    |      8       |      128      |  4.91  
449|      64     |      1      |     16     |      8      |     2048    |      8       |      128      |  4.91  
450|      16     |      4      |     32     |      8      |     2048    |      8       |      128      |  4.93  
451|      64     |      1      |     32     |      8      |     2048    |      8       |      128      |  4.93  
452|      32     |      4      |     32     |      8      |     2048    |      8       |      128      |  4.93  
453|      64     |      4      |     16     |      8      |     2048    |      8       |      128      |  4.93  
454|      64     |      2      |     16     |      8      |     2048    |      8       |      128      |  4.94  
455|      64     |      4      |     32     |      8      |     2048    |      8       |      128      |  4.95  
456|      64     |      2      |     32     |      8      |     2048    |      8       |      128      |  4.95  
457|     128     |      4      |    128     |      4      |     2048    |      8       |      128      |  5.12  
458|     128     |      2      |    128     |      4      |     2048    |      8       |      128      |  5.15  
459|     128     |      4      |    128     |      2      |     2048    |      8       |      128      |  5.15  
460|     128     |      2      |    128     |      2      |     2048    |      8       |      128      |  5.18  
461|     128     |      1      |    128     |      4      |     2048    |      8       |      128      |  5.22  
462|     128     |      1      |    128     |      2      |     2048    |      8       |      128      |  5.25  
463|     128     |      4      |     64     |      8      |     2048    |      8       |      128      |  5.33  
464|     128     |      4      |    128     |      8      |     2048    |      8       |      128      |  5.35  
465|     128     |      2      |     64     |      8      |     2048    |      8       |      128      |  5.35  
466|     128     |      2      |    128     |      8      |     2048    |      8       |      128      |  5.37  
467|     128     |      4      |     16     |      8      |     2048    |      8       |      128      |  5.41  
468|     128     |      4      |     32     |      8      |     2048    |      8       |      128      |  5.42  
469|     128     |      1      |     64     |      8      |     2048    |      8       |      128      |  5.42  
470|     128     |      2      |     16     |      8      |     2048    |      8       |      128      |  5.43  
471|     128     |      1      |    128     |      8      |     2048    |      8       |      128      |  5.44  
472|     128     |      2      |     32     |      8      |     2048    |      8       |      128      |  5.45  
473|     128     |      1      |     16     |      8      |     2048    |      8       |      128      |  5.50  
474|     128     |      1      |     32     |      8      |     2048    |      8       |      128      |  5.52  
