  #| i-cache size|i-cache assoc|d-cache size|d-cache assoc|l2-cache size|l2-cache assoc|cache line size| avg. cpi
  1|      32     |      2      |     32     |      2      |     4096    |      16      |      128      |  2.31  
  2|      32     |      2      |     32     |      2      |     4096    |      4       |      128      |  2.31  
  3|      32     |      2      |     32     |      2      |     4096    |      8       |      128      |  2.31  
  4|      32     |      2      |    128     |      2      |     2048    |      8       |      128      |  2.33  
  5|     128     |      4      |    128     |      2      |     2048    |      8       |      128      |  2.33  
  6|      64     |      4      |    128     |      2      |     2048    |      8       |      128      |  2.33  
  7|      32     |      4      |    128     |      2      |     2048    |      8       |      128      |  2.33  
  8|     128     |      4      |    128     |      8      |     2048    |      8       |      128      |  2.33  
  9|     128     |      4      |    128     |      4      |     2048    |      8       |      128      |  2.33  
 10|      32     |      2      |    128     |      8      |     2048    |      8       |      128      |  2.33  
 11|      64     |      4      |    128     |      8      |     2048    |      8       |      128      |  2.33  
 12|      32     |      2      |    128     |      4      |     2048    |      8       |      128      |  2.33  
 13|      64     |      4      |    128     |      4      |     2048    |      8       |      128      |  2.33  
 14|     128     |      2      |    128     |      8      |     2048    |      8       |      128      |  2.33  
 15|     128     |      2      |    128     |      2      |     2048    |      8       |      128      |  2.33  
 16|      32     |      4      |    128     |      4      |     2048    |      8       |      128      |  2.33  
 17|     128     |      2      |    128     |      4      |     2048    |      8       |      128      |  2.33  
 18|      64     |      2      |    128     |      2      |     2048    |      8       |      128      |  2.33  
 19|      32     |      4      |    128     |      8      |     2048    |      8       |      128      |  2.33  
 20|      64     |      2      |    128     |      8      |     2048    |      8       |      128      |  2.33  
 21|      64     |      2      |    128     |      4      |     2048    |      8       |      128      |  2.33  
 22|     128     |      1      |    128     |      2      |     2048    |      8       |      128      |  2.33  
 23|      64     |      1      |    128     |      2      |     2048    |      8       |      128      |  2.33  
 24|      64     |      1      |    128     |      8      |     2048    |      8       |      128      |  2.33  
 25|      32     |      2      |     64     |      8      |     2048    |      8       |      128      |  2.33  
 26|      64     |      1      |    128     |      4      |     2048    |      8       |      128      |  2.33  
 27|     128     |      1      |    128     |      8      |     2048    |      8       |      128      |  2.33  
 28|     128     |      1      |    128     |      4      |     2048    |      8       |      128      |  2.33  
 29|      32     |      2      |     64     |      4      |     2048    |      8       |      128      |  2.33  
 30|      64     |      2      |     64     |      8      |     2048    |      8       |      128      |  2.33  
 31|     128     |      4      |     64     |      4      |     2048    |      8       |      128      |  2.33  
 32|     128     |      4      |     64     |      8      |     2048    |      8       |      128      |  2.33  
 33|      64     |      2      |     64     |      4      |     2048    |      8       |      128      |  2.33  
 34|     128     |      2      |     64     |      8      |     2048    |      8       |      128      |  2.33  
 35|     128     |      2      |     64     |      4      |     2048    |      8       |      128      |  2.33  
 36|      64     |      4      |     64     |      4      |     2048    |      8       |      128      |  2.33  
 37|      64     |      4      |     64     |      8      |     2048    |      8       |      128      |  2.33  
 38|      32     |      2      |     32     |      8      |     2048    |      8       |      128      |  2.33  
 39|      32     |      2      |     32     |      4      |     2048    |      8       |      128      |  2.33  
 40|     128     |      4      |     32     |      8      |     2048    |      8       |      128      |  2.33  
 41|      64     |      2      |     64     |      2      |     2048    |      8       |      128      |  2.33  
 42|      64     |      2      |     16     |      8      |     2048    |      8       |      128      |  2.33  
 43|      64     |      2      |     32     |      8      |     2048    |      8       |      128      |  2.33  
 44|      32     |      2      |     64     |      2      |     2048    |      8       |      128      |  2.33  
 45|     128     |      1      |     64     |      4      |     2048    |      8       |      128      |  2.33  
 46|      64     |      2      |     32     |      4      |     2048    |      8       |      128      |  2.33  
 47|     128     |      1      |     64     |      8      |     2048    |      8       |      128      |  2.33  
 48|      32     |      4      |     64     |      4      |     2048    |      8       |      128      |  2.33  
 49|     128     |      2      |     32     |      8      |     2048    |      8       |      128      |  2.33  
 50|      64     |      4      |     32     |      8      |     2048    |      8       |      128      |  2.33  
 51|     128     |      2      |     32     |      4      |     2048    |      8       |      128      |  2.33  
 52|      64     |      4      |     32     |      4      |     2048    |      8       |      128      |  2.33  
 53|     128     |      4      |     64     |      2      |     2048    |      8       |      128      |  2.33  
 54|      32     |      4      |     64     |      8      |     2048    |      8       |      128      |  2.33  
 55|     128     |      4      |     32     |      4      |     2048    |      8       |      128      |  2.33  
 56|     128     |      1      |     16     |      8      |     2048    |      8       |      128      |  2.33  
 57|      64     |      4      |     64     |      2      |     2048    |      8       |      128      |  2.33  
 58|      64     |      1      |     64     |      8      |     2048    |      8       |      128      |  2.33  
 59|      64     |      1      |     64     |      4      |     2048    |      8       |      128      |  2.33  
 60|      32     |      4      |     64     |      2      |     2048    |      8       |      128      |  2.33  
 61|      32     |      4      |     32     |      8      |     2048    |      8       |      128      |  2.33  
 62|     128     |      1      |     64     |      2      |     2048    |      8       |      128      |  2.33  
 63|      32     |      4      |     32     |      4      |     2048    |      8       |      128      |  2.33  
 64|     128     |      1      |     32     |      8      |     2048    |      8       |      128      |  2.33  
 65|     128     |      1      |     32     |      4      |     2048    |      8       |      128      |  2.33  
 66|      64     |      1      |     32     |      8      |     2048    |      8       |      128      |  2.33  
 67|      64     |      1      |     32     |      4      |     2048    |      8       |      128      |  2.33  
 68|     128     |      2      |     64     |      2      |     2048    |      8       |      128      |  2.33  
 69|     128     |      4      |     16     |      8      |     2048    |      8       |      128      |  2.33  
 70|     128     |      2      |     16     |      8      |     2048    |      8       |      128      |  2.33  
 71|      64     |      4      |     16     |      8      |     2048    |      8       |      128      |  2.33  
 72|      32     |      2      |     16     |      8      |     2048    |      8       |      128      |  2.33  
 73|      64     |      1      |     64     |      2      |     2048    |      8       |      128      |  2.33  
 74|      32     |      4      |     16     |      8      |     2048    |      8       |      128      |  2.33  
 75|      64     |      1      |     16     |      8      |     2048    |      8       |      128      |  2.33  
 76|     128     |      4      |     16     |      4      |     2048    |      8       |      128      |  2.33  
 77|      64     |      2      |     16     |      4      |     2048    |      8       |      128      |  2.33  
 78|      32     |      4      |     16     |      4      |     2048    |      8       |      128      |  2.33  
 79|      64     |      4      |     16     |      4      |     2048    |      8       |      128      |  2.33  
 80|      32     |      2      |     16     |      4      |     2048    |      8       |      128      |  2.33  
 81|     128     |      2      |     16     |      4      |     2048    |      8       |      128      |  2.33  
 82|     128     |      1      |     16     |      4      |     2048    |      8       |      128      |  2.33  
 83|      64     |      1      |     16     |      4      |     2048    |      8       |      128      |  2.33  
 84|      32     |      2      |     32     |      2      |     2048    |      16      |      128      |  2.33  
 85|      32     |      2      |     32     |      2      |     2048    |      8       |      128      |  2.33  
 86|      64     |      2      |     32     |      2      |     2048    |      8       |      128      |  2.33  
 87|     128     |      4      |     32     |      2      |     2048    |      8       |      128      |  2.33  
 88|      64     |      4      |     32     |      2      |     2048    |      8       |      128      |  2.33  
 89|     128     |      2      |     32     |      2      |     2048    |      8       |      128      |  2.33  
 90|     128     |      1      |     32     |      2      |     2048    |      8       |      128      |  2.33  
 91|      32     |      4      |     32     |      2      |     2048    |      8       |      128      |  2.33  
 92|      32     |      2      |     32     |      2      |     2048    |      4       |      128      |  2.33  
 93|      16     |      4      |    128     |      4      |     2048    |      8       |      128      |  2.33  
 94|      64     |      1      |     32     |      2      |     2048    |      8       |      128      |  2.33  
 95|      16     |      4      |    128     |      8      |     2048    |      8       |      128      |  2.33  
 96|      16     |      4      |    128     |      2      |     2048    |      8       |      128      |  2.33  
 97|      16     |      4      |     64     |      4      |     2048    |      8       |      128      |  2.34  
 98|      16     |      4      |     64     |      8      |     2048    |      8       |      128      |  2.34  
 99|      16     |      4      |     32     |      8      |     2048    |      8       |      128      |  2.34  
100|      16     |      4      |     32     |      4      |     2048    |      8       |      128      |  2.34  
101|      16     |      4      |     64     |      2      |     2048    |      8       |      128      |  2.34  
102|      16     |      4      |     16     |      8      |     2048    |      8       |      128      |  2.34  
103|      16     |      4      |     16     |      4      |     2048    |      8       |      128      |  2.34  
104|     128     |      4      |     16     |      2      |     2048    |      8       |      128      |  2.34  
105|      16     |      4      |     32     |      2      |     2048    |      8       |      128      |  2.34  
106|      64     |      2      |     16     |      2      |     2048    |      8       |      128      |  2.34  
107|      64     |      4      |     16     |      2      |     2048    |      8       |      128      |  2.34  
108|     128     |      2      |     16     |      2      |     2048    |      8       |      128      |  2.34  
109|      32     |      4      |     16     |      2      |     2048    |      8       |      128      |  2.34  
110|      32     |      2      |     16     |      2      |     2048    |      8       |      128      |  2.34  
111|     128     |      1      |     16     |      2      |     2048    |      8       |      128      |  2.34  
112|      64     |      1      |     16     |      2      |     2048    |      8       |      128      |  2.34  
113|      32     |      2      |     32     |      2      |     1024    |      16      |      128      |  2.35  
114|      32     |      2      |     32     |      2      |     1024    |      4       |      128      |  2.35  
115|      32     |      2      |     32     |      2      |     1024    |      8       |      128      |  2.35  
116|      16     |      4      |     16     |      2      |     2048    |      8       |      128      |  2.35  
117|      32     |      2      |     32     |      2      |     512     |      16      |      128      |  2.35  
118|      32     |      2      |     32     |      2      |     512     |      8       |      128      |  2.35  
119|      32     |      2      |     32     |      2      |     512     |      4       |      128      |  2.35  
120|      32     |      2      |     32     |      2      |     256     |      8       |      128      |  2.36  
121|      32     |      2      |     32     |      2      |     256     |      16      |      128      |  2.36  
122|      32     |      2      |     32     |      2      |     256     |      4       |      128      |  2.36  
123|      32     |      1      |    128     |      2      |     2048    |      8       |      128      |  2.36  
124|      32     |      1      |    128     |      4      |     2048    |      8       |      128      |  2.36  
125|      32     |      1      |    128     |      8      |     2048    |      8       |      128      |  2.36  
126|      32     |      1      |     64     |      4      |     2048    |      8       |      128      |  2.36  
127|      32     |      1      |     64     |      8      |     2048    |      8       |      128      |  2.36  
128|      32     |      1      |     32     |      8      |     2048    |      8       |      128      |  2.36  
129|      32     |      1      |     32     |      4      |     2048    |      8       |      128      |  2.36  
130|      32     |      1      |     64     |      2      |     2048    |      8       |      128      |  2.36  
131|      32     |      1      |     16     |      8      |     2048    |      8       |      128      |  2.36  
132|      32     |      1      |     16     |      4      |     2048    |      8       |      128      |  2.36  
133|      16     |      2      |    128     |      2      |     2048    |      8       |      128      |  2.36  
134|      16     |      2      |    128     |      4      |     2048    |      8       |      128      |  2.36  
135|      16     |      2      |    128     |      8      |     2048    |      8       |      128      |  2.36  
136|      16     |      2      |     64     |      4      |     2048    |      8       |      128      |  2.36  
137|      16     |      2      |     64     |      8      |     2048    |      8       |      128      |  2.36  
138|      16     |      2      |     16     |      8      |     2048    |      8       |      128      |  2.36  
139|      16     |      2      |     32     |      8      |     2048    |      8       |      128      |  2.36  
140|      16     |      2      |     64     |      2      |     2048    |      8       |      128      |  2.36  
141|      16     |      2      |     32     |      4      |     2048    |      8       |      128      |  2.36  
142|      16     |      2      |     16     |      4      |     2048    |      8       |      128      |  2.36  
143|      32     |      1      |     32     |      2      |     2048    |      8       |      128      |  2.36  
144|      16     |      2      |     32     |      2      |     2048    |      8       |      128      |  2.37  
145|      32     |      1      |     16     |      2      |     2048    |      8       |      128      |  2.37  
146|      16     |      2      |     16     |      2      |     2048    |      8       |      128      |  2.37  
147|      16     |      1      |    128     |      2      |     2048    |      8       |      128      |  2.41  
148|      16     |      1      |    128     |      4      |     2048    |      8       |      128      |  2.41  
149|      16     |      1      |    128     |      8      |     2048    |      8       |      128      |  2.41  
150|      16     |      1      |     64     |      2      |     2048    |      8       |      128      |  2.41  
151|      16     |      1      |     64     |      8      |     2048    |      8       |      128      |  2.41  
152|      16     |      1      |     64     |      4      |     2048    |      8       |      128      |  2.41  
153|      16     |      1      |     32     |      8      |     2048    |      8       |      128      |  2.41  
154|      16     |      1      |     32     |      4      |     2048    |      8       |      128      |  2.41  
155|      16     |      1      |     16     |      8      |     2048    |      8       |      128      |  2.41  
156|      16     |      1      |     16     |      4      |     2048    |      8       |      128      |  2.41  
157|      16     |      1      |     32     |      2      |     2048    |      8       |      128      |  2.41  
158|      16     |      1      |     16     |      2      |     2048    |      8       |      128      |  2.42  
159|      32     |      2      |     32     |      2      |     4096    |      16      |       64      |  2.85  
160|      32     |      2      |     32     |      2      |     4096    |      8       |       64      |  2.85  
161|      32     |      2      |     32     |      2      |     4096    |      4       |       64      |  2.86  
162|      32     |      4      |    128     |      2      |     2048    |      8       |       64      |  2.87  
163|     128     |      1      |    128     |      2      |     2048    |      8       |       64      |  2.87  
164|     128     |      1      |    128     |      8      |     2048    |      8       |       64      |  2.87  
165|     128     |      2      |    128     |      2      |     2048    |      8       |       64      |  2.87  
166|     128     |      4      |    128     |      2      |     2048    |      8       |       64      |  2.87  
167|     128     |      1      |    128     |      4      |     2048    |      8       |       64      |  2.87  
168|      64     |      4      |    128     |      2      |     2048    |      8       |       64      |  2.87  
169|      32     |      4      |    128     |      4      |     2048    |      8       |       64      |  2.87  
170|      64     |      4      |    128     |      8      |     2048    |      8       |       64      |  2.87  
171|      16     |      4      |    128     |      4      |     2048    |      8       |       64      |  2.87  
172|      16     |      4      |    128     |      8      |     2048    |      8       |       64      |  2.87  
173|     128     |      2      |    128     |      8      |     2048    |      8       |       64      |  2.87  
174|     128     |      2      |    128     |      4      |     2048    |      8       |       64      |  2.87  
175|     128     |      4      |    128     |      8      |     2048    |      8       |       64      |  2.87  
176|     128     |      4      |    128     |      4      |     2048    |      8       |       64      |  2.87  
177|      64     |      4      |    128     |      4      |     2048    |      8       |       64      |  2.87  
178|      32     |      4      |    128     |      8      |     2048    |      8       |       64      |  2.87  
179|      64     |      2      |    128     |      2      |     2048    |      8       |       64      |  2.87  
180|      16     |      4      |    128     |      2      |     2048    |      8       |       64      |  2.87  
181|      64     |      2      |    128     |      8      |     2048    |      8       |       64      |  2.87  
182|      64     |      1      |    128     |      4      |     2048    |      8       |       64      |  2.87  
183|      64     |      2      |    128     |      4      |     2048    |      8       |       64      |  2.87  
184|      64     |      1      |    128     |      8      |     2048    |      8       |       64      |  2.87  
185|      64     |      1      |    128     |      2      |     2048    |      8       |       64      |  2.87  
186|     128     |      1      |     64     |      2      |     2048    |      8       |       64      |  2.87  
187|      32     |      2      |    128     |      8      |     2048    |      8       |       64      |  2.87  
188|      32     |      2      |    128     |      2      |     2048    |      8       |       64      |  2.87  
189|      32     |      2      |    128     |      4      |     2048    |      8       |       64      |  2.87  
190|     128     |      1      |     64     |      8      |     2048    |      8       |       64      |  2.87  
191|     128     |      1      |     64     |      4      |     2048    |      8       |       64      |  2.88  
192|     128     |      2      |     64     |      8      |     2048    |      8       |       64      |  2.88  
193|     128     |      4      |     64     |      8      |     2048    |      8       |       64      |  2.88  
194|      64     |      4      |     64     |      8      |     2048    |      8       |       64      |  2.88  
195|     128     |      2      |     64     |      4      |     2048    |      8       |       64      |  2.88  
196|      32     |      4      |     64     |      8      |     2048    |      8       |       64      |  2.88  
197|     128     |      4      |     64     |      4      |     2048    |      8       |       64      |  2.88  
198|      64     |      4      |     64     |      4      |     2048    |      8       |       64      |  2.88  
199|      32     |      4      |     64     |      4      |     2048    |      8       |       64      |  2.88  
200|     128     |      4      |     64     |      2      |     2048    |      8       |       64      |  2.88  
201|      64     |      4      |     64     |      2      |     2048    |      8       |       64      |  2.88  
202|     128     |      1      |     32     |      4      |     2048    |      8       |       64      |  2.88  
203|     128     |      1      |     32     |      8      |     2048    |      8       |       64      |  2.88  
204|      64     |      4      |     32     |      8      |     2048    |      8       |       64      |  2.88  
205|     128     |      4      |     32     |      4      |     2048    |      8       |       64      |  2.88  
206|      32     |      4      |     32     |      8      |     2048    |      8       |       64      |  2.88  
207|      64     |      2      |     64     |      8      |     2048    |      8       |       64      |  2.88  
208|     128     |      2      |     64     |      2      |     2048    |      8       |       64      |  2.88  
209|      32     |      4      |     64     |      2      |     2048    |      8       |       64      |  2.88  
210|      16     |      4      |     64     |      8      |     2048    |      8       |       64      |  2.88  
211|      32     |      4      |     32     |      4      |     2048    |      8       |       64      |  2.88  
212|      64     |      4      |     32     |      4      |     2048    |      8       |       64      |  2.88  
213|     128     |      1      |     16     |      8      |     2048    |      8       |       64      |  2.88  
214|     128     |      2      |     32     |      8      |     2048    |      8       |       64      |  2.88  
215|     128     |      4      |     32     |      8      |     2048    |      8       |       64      |  2.88  
216|      16     |      4      |     64     |      4      |     2048    |      8       |       64      |  2.88  
217|     128     |      2      |     32     |      4      |     2048    |      8       |       64      |  2.88  
218|      64     |      2      |     64     |      4      |     2048    |      8       |       64      |  2.88  
219|      64     |      1      |     64     |      8      |     2048    |      8       |       64      |  2.88  
220|      64     |      1      |     64     |      4      |     2048    |      8       |       64      |  2.88  
221|      64     |      2      |     32     |      8      |     2048    |      8       |       64      |  2.88  
222|      32     |      4      |     16     |      8      |     2048    |      8       |       64      |  2.88  
223|     128     |      2      |     16     |      8      |     2048    |      8       |       64      |  2.88  
224|     128     |      4      |     16     |      8      |     2048    |      8       |       64      |  2.88  
225|      32     |      2      |     64     |      8      |     2048    |      8       |       64      |  2.88  
226|      16     |      4      |     64     |      2      |     2048    |      8       |       64      |  2.88  
227|      16     |      4      |     32     |      8      |     2048    |      8       |       64      |  2.88  
228|      64     |      2      |     32     |      4      |     2048    |      8       |       64      |  2.88  
229|      64     |      4      |     16     |      8      |     2048    |      8       |       64      |  2.88  
230|      64     |      2      |     64     |      2      |     2048    |      8       |       64      |  2.88  
231|     128     |      1      |     16     |      4      |     2048    |      8       |       64      |  2.88  
232|      64     |      1      |     64     |      2      |     2048    |      8       |       64      |  2.88  
233|      16     |      4      |     32     |      4      |     2048    |      8       |       64      |  2.88  
234|      32     |      2      |     64     |      4      |     2048    |      8       |       64      |  2.88  
235|      64     |      4      |     16     |      4      |     2048    |      8       |       64      |  2.88  
236|     128     |      2      |     16     |      4      |     2048    |      8       |       64      |  2.88  
237|      32     |      2      |     64     |      2      |     2048    |      8       |       64      |  2.88  
238|      32     |      4      |     16     |      4      |     2048    |      8       |       64      |  2.88  
239|      64     |      1      |     32     |      4      |     2048    |      8       |       64      |  2.88  
240|     128     |      4      |     16     |      4      |     2048    |      8       |       64      |  2.88  
241|      64     |      1      |     16     |      8      |     2048    |      8       |       64      |  2.88  
242|      64     |      1      |     32     |      8      |     2048    |      8       |       64      |  2.88  
243|      32     |      2      |     32     |      8      |     2048    |      8       |       64      |  2.88  
244|      32     |      2      |     32     |      4      |     2048    |      8       |       64      |  2.88  
245|      16     |      4      |     16     |      8      |     2048    |      8       |       64      |  2.88  
246|      64     |      2      |     16     |      8      |     2048    |      8       |       64      |  2.88  
247|      64     |      1      |     16     |      4      |     2048    |      8       |       64      |  2.88  
248|      64     |      2      |     16     |      4      |     2048    |      8       |       64      |  2.88  
249|      32     |      2      |     16     |      8      |     2048    |      8       |       64      |  2.88  
250|      16     |      4      |     16     |      4      |     2048    |      8       |       64      |  2.88  
251|      32     |      2      |     16     |      4      |     2048    |      8       |       64      |  2.88  
252|     128     |      1      |     32     |      2      |     2048    |      8       |       64      |  2.88  
253|      32     |      2      |     32     |      2      |     2048    |      16      |       64      |  2.88  
254|     128     |      4      |     32     |      2      |     2048    |      8       |       64      |  2.88  
255|      64     |      4      |     32     |      2      |     2048    |      8       |       64      |  2.88  
256|     128     |      2      |     32     |      2      |     2048    |      8       |       64      |  2.88  
257|      32     |      4      |     32     |      2      |     2048    |      8       |       64      |  2.88  
258|      64     |      2      |     32     |      2      |     2048    |      8       |       64      |  2.88  
259|      16     |      4      |     32     |      2      |     2048    |      8       |       64      |  2.88  
260|      64     |      1      |     32     |      2      |     2048    |      8       |       64      |  2.88  
261|      32     |      2      |     32     |      2      |     2048    |      8       |       64      |  2.88  
262|      32     |      2      |     32     |      2      |     2048    |      4       |       64      |  2.88  
263|     128     |      1      |     16     |      2      |     2048    |      8       |       64      |  2.89  
264|      64     |      4      |     16     |      2      |     2048    |      8       |       64      |  2.89  
265|      32     |      4      |     16     |      2      |     2048    |      8       |       64      |  2.89  
266|     128     |      4      |     16     |      2      |     2048    |      8       |       64      |  2.89  
267|     128     |      2      |     16     |      2      |     2048    |      8       |       64      |  2.89  
268|      16     |      4      |     16     |      2      |     2048    |      8       |       64      |  2.89  
269|      64     |      2      |     16     |      2      |     2048    |      8       |       64      |  2.89  
270|      64     |      1      |     16     |      2      |     2048    |      8       |       64      |  2.89  
271|      32     |      2      |     16     |      2      |     2048    |      8       |       64      |  2.89  
272|      16     |      2      |    128     |      2      |     2048    |      8       |       64      |  2.89  
273|      16     |      2      |    128     |      4      |     2048    |      8       |       64      |  2.89  
274|      16     |      2      |    128     |      8      |     2048    |      8       |       64      |  2.89  
275|      16     |      2      |     64     |      8      |     2048    |      8       |       64      |  2.90  
276|      16     |      2      |     32     |      4      |     2048    |      8       |       64      |  2.90  
277|      16     |      2      |     64     |      4      |     2048    |      8       |       64      |  2.90  
278|      16     |      2      |     32     |      8      |     2048    |      8       |       64      |  2.90  
279|      16     |      2      |     64     |      2      |     2048    |      8       |       64      |  2.90  
280|      32     |      2      |     32     |      2      |     1024    |      16      |       64      |  2.90  
281|      16     |      2      |     16     |      8      |     2048    |      8       |       64      |  2.90  
282|      32     |      2      |     32     |      2      |     1024    |      8       |       64      |  2.90  
283|      16     |      2      |     16     |      4      |     2048    |      8       |       64      |  2.90  
284|      32     |      1      |    128     |      2      |     2048    |      8       |       64      |  2.90  
285|      32     |      2      |     32     |      2      |     1024    |      4       |       64      |  2.90  
286|      32     |      1      |    128     |      4      |     2048    |      8       |       64      |  2.90  
287|      32     |      1      |    128     |      8      |     2048    |      8       |       64      |  2.90  
288|      32     |      1      |     64     |      4      |     2048    |      8       |       64      |  2.90  
289|      32     |      1      |     64     |      8      |     2048    |      8       |       64      |  2.90  
290|      32     |      1      |     64     |      2      |     2048    |      8       |       64      |  2.90  
291|      32     |      1      |     32     |      4      |     2048    |      8       |       64      |  2.90  
292|      32     |      1      |     32     |      8      |     2048    |      8       |       64      |  2.90  
293|      32     |      1      |     16     |      8      |     2048    |      8       |       64      |  2.90  
294|      32     |      1      |     16     |      4      |     2048    |      8       |       64      |  2.90  
295|      16     |      2      |     32     |      2      |     2048    |      8       |       64      |  2.90  
296|      32     |      2      |     32     |      2      |     512     |      8       |       64      |  2.90  
297|      32     |      2      |     32     |      2      |     512     |      16      |       64      |  2.90  
298|      32     |      2      |     32     |      2      |     512     |      4       |       64      |  2.90  
299|      32     |      1      |     32     |      2      |     2048    |      8       |       64      |  2.91  
300|      32     |      2      |     32     |      2      |     256     |      16      |       64      |  2.91  
301|      16     |      2      |     16     |      2      |     2048    |      8       |       64      |  2.91  
302|      32     |      2      |     32     |      2      |     256     |      4       |       64      |  2.91  
303|      32     |      2      |     32     |      2      |     256     |      8       |       64      |  2.91  
304|      32     |      1      |     16     |      2      |     2048    |      8       |       64      |  2.91  
305|      16     |      1      |    128     |      2      |     2048    |      8       |       64      |  2.94  
306|      16     |      1      |    128     |      8      |     2048    |      8       |       64      |  2.94  
307|      16     |      1      |    128     |      4      |     2048    |      8       |       64      |  2.94  
308|      16     |      1      |     64     |      8      |     2048    |      8       |       64      |  2.94  
309|      16     |      1      |     64     |      4      |     2048    |      8       |       64      |  2.94  
310|      16     |      1      |     64     |      2      |     2048    |      8       |       64      |  2.94  
311|      16     |      1      |     32     |      8      |     2048    |      8       |       64      |  2.94  
312|      16     |      1      |     32     |      4      |     2048    |      8       |       64      |  2.94  
313|      16     |      1      |     16     |      8      |     2048    |      8       |       64      |  2.94  
314|      16     |      1      |     16     |      4      |     2048    |      8       |       64      |  2.94  
315|      16     |      1      |     32     |      2      |     2048    |      8       |       64      |  2.95  
316|      16     |      1      |     16     |      2      |     2048    |      8       |       64      |  2.95  
317|      32     |      2      |     32     |      2      |     4096    |      16      |       32      |  4.28  
318|      32     |      2      |     32     |      2      |     4096    |      8       |       32      |  4.28  
319|      32     |      2      |     32     |      2      |     4096    |      4       |       32      |  4.28  
320|      32     |      2      |    128     |      8      |     2048    |      8       |       32      |  4.30  
321|      64     |      1      |    128     |      2      |     2048    |      8       |       32      |  4.30  
322|      16     |      4      |    128     |      8      |     2048    |      8       |       32      |  4.30  
323|      64     |      2      |    128     |      2      |     2048    |      8       |       32      |  4.30  
324|     128     |      4      |    128     |      2      |     2048    |      8       |       32      |  4.30  
325|      64     |      4      |    128     |      2      |     2048    |      8       |       32      |  4.30  
326|      32     |      2      |    128     |      2      |     2048    |      8       |       32      |  4.30  
327|     128     |      2      |    128     |      2      |     2048    |      8       |       32      |  4.30  
328|      32     |      4      |    128     |      2      |     2048    |      8       |       32      |  4.30  
329|      16     |      4      |    128     |      4      |     2048    |      8       |       32      |  4.30  
330|      32     |      2      |    128     |      4      |     2048    |      8       |       32      |  4.30  
331|     128     |      4      |    128     |      8      |     2048    |      8       |       32      |  4.30  
332|      64     |      4      |    128     |      8      |     2048    |      8       |       32      |  4.30  
333|     128     |      1      |    128     |      2      |     2048    |      8       |       32      |  4.30  
334|     128     |      2      |    128     |      8      |     2048    |      8       |       32      |  4.30  
335|      64     |      2      |    128     |      8      |     2048    |      8       |       32      |  4.30  
336|     128     |      4      |    128     |      4      |     2048    |      8       |       32      |  4.30  
337|      64     |      4      |    128     |      4      |     2048    |      8       |       32      |  4.30  
338|     128     |      2      |    128     |      4      |     2048    |      8       |       32      |  4.30  
339|      64     |      2      |    128     |      4      |     2048    |      8       |       32      |  4.30  
340|      32     |      4      |    128     |      8      |     2048    |      8       |       32      |  4.30  
341|      16     |      4      |    128     |      2      |     2048    |      8       |       32      |  4.30  
342|      32     |      4      |    128     |      4      |     2048    |      8       |       32      |  4.30  
343|     128     |      1      |    128     |      8      |     2048    |      8       |       32      |  4.30  
344|     128     |      1      |    128     |      4      |     2048    |      8       |       32      |  4.30  
345|      64     |      1      |    128     |      8      |     2048    |      8       |       32      |  4.30  
346|      64     |      1      |    128     |      4      |     2048    |      8       |       32      |  4.30  
347|     128     |      2      |     64     |      8      |     2048    |      8       |       32      |  4.30  
348|     128     |      2      |     64     |      4      |     2048    |      8       |       32      |  4.30  
349|     128     |      4      |     64     |      8      |     2048    |      8       |       32      |  4.30  
350|      32     |      4      |     64     |      8      |     2048    |      8       |       32      |  4.30  
351|      64     |      4      |     64     |      8      |     2048    |      8       |       32      |  4.30  
352|     128     |      4      |     64     |      4      |     2048    |      8       |       32      |  4.30  
353|      32     |      4      |     64     |      4      |     2048    |      8       |       32      |  4.30  
354|      64     |      4      |     64     |      4      |     2048    |      8       |       32      |  4.30  
355|      32     |      2      |     64     |      4      |     2048    |      8       |       32      |  4.30  
356|      32     |      2      |     64     |      8      |     2048    |      8       |       32      |  4.30  
357|      64     |      2      |     64     |      8      |     2048    |      8       |       32      |  4.30  
358|      64     |      2      |     64     |      4      |     2048    |      8       |       32      |  4.30  
359|      16     |      4      |     64     |      4      |     2048    |      8       |       32      |  4.30  
360|      64     |      1      |     16     |      8      |     2048    |      8       |       32      |  4.30  
361|      32     |      2      |     64     |      2      |     2048    |      8       |       32      |  4.30  
362|      64     |      2      |     64     |      2      |     2048    |      8       |       32      |  4.30  
363|      64     |      1      |     64     |      8      |     2048    |      8       |       32      |  4.30  
364|      64     |      1      |     64     |      4      |     2048    |      8       |       32      |  4.30  
365|      16     |      4      |     32     |      8      |     2048    |      8       |       32      |  4.30  
366|     128     |      1      |     64     |      4      |     2048    |      8       |       32      |  4.30  
367|     128     |      1      |     64     |      8      |     2048    |      8       |       32      |  4.30  
368|     128     |      2      |     64     |      2      |     2048    |      8       |       32      |  4.30  
369|     128     |      4      |     64     |      2      |     2048    |      8       |       32      |  4.30  
370|      32     |      4      |     64     |      2      |     2048    |      8       |       32      |  4.30  
371|      64     |      4      |     64     |      2      |     2048    |      8       |       32      |  4.30  
372|      64     |      1      |     64     |      2      |     2048    |      8       |       32      |  4.30  
373|      16     |      4      |     64     |      8      |     2048    |      8       |       32      |  4.30  
374|      16     |      4      |     64     |      2      |     2048    |      8       |       32      |  4.30  
375|      16     |      4      |     16     |      4      |     2048    |      8       |       32      |  4.30  
376|     128     |      1      |     64     |      2      |     2048    |      8       |       32      |  4.30  
377|      16     |      4      |     32     |      4      |     2048    |      8       |       32      |  4.30  
378|     128     |      2      |     32     |      8      |     2048    |      8       |       32      |  4.30  
379|     128     |      2      |     32     |      4      |     2048    |      8       |       32      |  4.30  
380|      32     |      2      |     16     |      8      |     2048    |      8       |       32      |  4.30  
381|      64     |      2      |     32     |      8      |     2048    |      8       |       32      |  4.30  
382|     128     |      4      |     32     |      8      |     2048    |      8       |       32      |  4.30  
383|      32     |      4      |     32     |      8      |     2048    |      8       |       32      |  4.30  
384|      64     |      4      |     32     |      8      |     2048    |      8       |       32      |  4.30  
385|     128     |      4      |     32     |      4      |     2048    |      8       |       32      |  4.30  
386|      64     |      4      |     32     |      4      |     2048    |      8       |       32      |  4.30  
387|      32     |      4      |     32     |      4      |     2048    |      8       |       32      |  4.30  
388|      16     |      4      |     16     |      8      |     2048    |      8       |       32      |  4.30  
389|      64     |      2      |     32     |      4      |     2048    |      8       |       32      |  4.30  
390|      32     |      2      |     32     |      4      |     2048    |      8       |       32      |  4.30  
391|      32     |      2      |     32     |      8      |     2048    |      8       |       32      |  4.30  
392|      64     |      1      |     32     |      4      |     2048    |      8       |       32      |  4.30  
393|      64     |      1      |     32     |      8      |     2048    |      8       |       32      |  4.30  
394|      64     |      1      |     16     |      4      |     2048    |      8       |       32      |  4.30  
395|     128     |      1      |     32     |      8      |     2048    |      8       |       32      |  4.30  
396|      64     |      4      |     16     |      8      |     2048    |      8       |       32      |  4.30  
397|     128     |      1      |     32     |      4      |     2048    |      8       |       32      |  4.30  
398|     128     |      2      |     16     |      8      |     2048    |      8       |       32      |  4.30  
399|     128     |      4      |     16     |      8      |     2048    |      8       |       32      |  4.30  
400|      64     |      2      |     16     |      8      |     2048    |      8       |       32      |  4.30  
401|      32     |      4      |     16     |      8      |     2048    |      8       |       32      |  4.30  
402|      32     |      4      |     16     |      4      |     2048    |      8       |       32      |  4.30  
403|      64     |      2      |     16     |      4      |     2048    |      8       |       32      |  4.30  
404|      64     |      4      |     16     |      4      |     2048    |      8       |       32      |  4.30  
405|     128     |      2      |     16     |      4      |     2048    |      8       |       32      |  4.30  
406|     128     |      4      |     16     |      4      |     2048    |      8       |       32      |  4.30  
407|      32     |      2      |     16     |      4      |     2048    |      8       |       32      |  4.30  
408|     128     |      1      |     16     |      8      |     2048    |      8       |       32      |  4.30  
409|     128     |      1      |     16     |      4      |     2048    |      8       |       32      |  4.30  
410|      64     |      1      |     32     |      2      |     2048    |      8       |       32      |  4.31  
411|      16     |      4      |     32     |      2      |     2048    |      8       |       32      |  4.31  
412|      32     |      2      |     32     |      2      |     2048    |      16      |       32      |  4.31  
413|     128     |      2      |     32     |      2      |     2048    |      8       |       32      |  4.31  
414|      64     |      4      |     32     |      2      |     2048    |      8       |       32      |  4.31  
415|     128     |      4      |     32     |      2      |     2048    |      8       |       32      |  4.31  
416|      32     |      4      |     32     |      2      |     2048    |      8       |       32      |  4.31  
417|      32     |      2      |     32     |      2      |     2048    |      8       |       32      |  4.31  
418|      64     |      2      |     32     |      2      |     2048    |      8       |       32      |  4.31  
419|     128     |      1      |     32     |      2      |     2048    |      8       |       32      |  4.31  
420|      32     |      2      |     16     |      2      |     2048    |      8       |       32      |  4.31  
421|      32     |      2      |     32     |      2      |     2048    |      4       |       32      |  4.31  
422|      16     |      4      |     16     |      2      |     2048    |      8       |       32      |  4.31  
423|      64     |      2      |     16     |      2      |     2048    |      8       |       32      |  4.31  
424|      64     |      4      |     16     |      2      |     2048    |      8       |       32      |  4.31  
425|     128     |      4      |     16     |      2      |     2048    |      8       |       32      |  4.31  
426|     128     |      2      |     16     |      2      |     2048    |      8       |       32      |  4.31  
427|      32     |      4      |     16     |      2      |     2048    |      8       |       32      |  4.31  
428|      64     |      1      |     16     |      2      |     2048    |      8       |       32      |  4.31  
429|     128     |      1      |     16     |      2      |     2048    |      8       |       32      |  4.31  
430|      16     |      2      |    128     |      8      |     2048    |      8       |       32      |  4.32  
431|      16     |      2      |    128     |      2      |     2048    |      8       |       32      |  4.32  
432|      16     |      2      |    128     |      4      |     2048    |      8       |       32      |  4.32  
433|      16     |      2      |     32     |      8      |     2048    |      8       |       32      |  4.32  
434|      16     |      2      |     32     |      4      |     2048    |      8       |       32      |  4.32  
435|      16     |      2      |     64     |      8      |     2048    |      8       |       32      |  4.32  
436|      16     |      2      |     64     |      4      |     2048    |      8       |       32      |  4.32  
437|      16     |      2      |     64     |      2      |     2048    |      8       |       32      |  4.32  
438|      32     |      2      |     32     |      2      |     1024    |      16      |       32      |  4.32  
439|      16     |      2      |     16     |      8      |     2048    |      8       |       32      |  4.32  
440|      16     |      2      |     16     |      4      |     2048    |      8       |       32      |  4.32  
441|      32     |      2      |     32     |      2      |     1024    |      8       |       32      |  4.32  
442|      32     |      2      |     32     |      2      |     1024    |      4       |       32      |  4.32  
443|      16     |      2      |     32     |      2      |     2048    |      8       |       32      |  4.32  
444|      16     |      2      |     16     |      2      |     2048    |      8       |       32      |  4.33  
445|      32     |      2      |     32     |      2      |     512     |      8       |       32      |  4.33  
446|      32     |      2      |     32     |      2      |     512     |      16      |       32      |  4.33  
447|      32     |      1      |    128     |      2      |     2048    |      8       |       32      |  4.33  
448|      32     |      1      |    128     |      8      |     2048    |      8       |       32      |  4.33  
449|      32     |      1      |    128     |      4      |     2048    |      8       |       32      |  4.33  
450|      32     |      2      |     32     |      2      |     512     |      4       |       32      |  4.33  
451|      32     |      1      |     64     |      8      |     2048    |      8       |       32      |  4.33  
452|      32     |      1      |     64     |      4      |     2048    |      8       |       32      |  4.33  
453|      32     |      1      |     16     |      8      |     2048    |      8       |       32      |  4.33  
454|      32     |      1      |     32     |      8      |     2048    |      8       |       32      |  4.33  
455|      32     |      1      |     32     |      4      |     2048    |      8       |       32      |  4.33  
456|      32     |      1      |     64     |      2      |     2048    |      8       |       32      |  4.33  
457|      32     |      1      |     16     |      4      |     2048    |      8       |       32      |  4.33  
458|      32     |      2      |     32     |      2      |     256     |      8       |       32      |  4.33  
459|      32     |      2      |     32     |      2      |     256     |      16      |       32      |  4.34  
460|      32     |      1      |     32     |      2      |     2048    |      8       |       32      |  4.34  
461|      32     |      2      |     32     |      2      |     256     |      4       |       32      |  4.34  
462|      32     |      1      |     16     |      2      |     2048    |      8       |       32      |  4.34  
463|      16     |      1      |    128     |      2      |     2048    |      8       |       32      |  4.37  
464|      16     |      1      |    128     |      8      |     2048    |      8       |       32      |  4.37  
465|      16     |      1      |    128     |      4      |     2048    |      8       |       32      |  4.37  
466|      16     |      1      |     16     |      4      |     2048    |      8       |       32      |  4.38  
467|      16     |      1      |     64     |      8      |     2048    |      8       |       32      |  4.38  
468|      16     |      1      |     64     |      4      |     2048    |      8       |       32      |  4.38  
469|      16     |      1      |     64     |      2      |     2048    |      8       |       32      |  4.38  
470|      16     |      1      |     32     |      8      |     2048    |      8       |       32      |  4.38  
471|      16     |      1      |     32     |      4      |     2048    |      8       |       32      |  4.38  
472|      16     |      1      |     16     |      8      |     2048    |      8       |       32      |  4.38  
473|      16     |      1      |     32     |      2      |     2048    |      8       |       32      |  4.38  
474|      16     |      1      |     16     |      2      |     2048    |      8       |       32      |  4.38  
